0.00060000 0.00280000 0.00590000
0.00030000 0.00030000 0.00100000
0.00020000 0.00040000 0.00380000
0.00040000 0.00040000 0.00150000
0.00010000 0.00010000 0.00370000
0.00010000 0.00020000 0.00710000
0.00010000 0.00040000 0.00570000
0.00350000 0.00320000 0.00340000
0.00330000 0.00300000 0.00360000
0.00030000 0.00330000 0.00340000
0.00020000 0.00010000 0.00720000
0.00000000 0.00030000 0.00720000
0.00050000 0.00300000 0.00670000
0.00060000 0.00280000 0.00630000
0.00000000 0.00030000 0.00700000
0.00040000 0.00310000 0.00700000
